[5, -5, 1.0]
[10, 0, 1.0]
[15, -5, 1.0]
[15, 0, 1.0]
[20, 0, 1.0]
[25, 0, 1.0]
[20, -5, 1.0]
[20, -10, 1.0]
[25, -10, 1.0]
[20, -15, 1.0]
[25, -20, 1.0]
[20, -15, 1.0]
[15, -20, 1.0]
[10, -25, 1.0]
[5, -20, 1.0]
[0, -20, 1.0]
[5, -20, 1.0]
[5, -15, 1.0]
[10, -20, 1.0]
[15, -20, 1.0]
[10, -15, 1.0]
[15, -15, 1.0]
[20, -10, 1.0]
[15, -10, 1.0]
[10, -5, 1.0]
[5, -10, 1.0]
[0, -5, 1.0]
[-5, 0, 1.0]
[0, -5, 1.0]
[0, 0, 1.0]
[-5, 5, 1.0]
[0, 0, 1.0]
[5, 5, 1.0]
[10, 10, 1.0]
[10, 5, 1.0]
[10, 0, 1.0]
[15, 0, 1.0]
[20, 0, 1.0]
[15, -5, 1.0]
[20, 0, 1.0]
[15, 0, 1.0]
[10, 5, 1.0]
[5, 5, 1.0]
[0, 0, 1.0]
[-5, 5, 1.0]
[-5, 0, 1.0]
[0, 0, 1.0]
[5, 0, 1.0]
[0, 0, 1.0]
[-5, 5, 1.0]
[-10, 0, 1.0]
[-10, 5, 1.0]
[-5, 5, 1.0]
[-5, 0, 1.0]
[0, 0, 1.0]
[0, -5, 1.0]
[-5, 0, 1.0]
[0, 0, 1.0]
[5, 5, 1.0]
[10, 0, 1.0]
[15, 5, 1.0]
[10, 5, 1.0]
[10, 10, 1.0]
[5, 10, 1.0]
[0, 5, 1.0]
[0, 0, 1.0]
[5, -5, 1.0]
[10, 0, 1.0]
[5, 5, 1.0]
[0, 10, 1.0]
[-5, 15, 1.0]
[0, 10, 1.0]
[-5, 5, 1.0]
[-5, 0, 1.0]
[-5, 5, 1.0]
[-10, 0, 1.0]
[-10, 5, 1.0]
[-15, 5, 1.0]
[-20, 10, 1.0]
[-15, 5, 1.0]
[-20, 10, 1.0]
[-15, 5, 1.0]
[-15, 10, 1.0]
[-10, 5, 1.0]
[-15, 10, 1.0]
[-20, 15, 1.0]
[-20, 20, 1.0]
[-25, 15, 1.0]
[-20, 15, 1.0]
[-20, 20, 1.0]
[-15, 15, 1.0]
[-15, 10, 1.0]
[-20, 15, 1.0]
[-20, 20, 1.0]
[-20, 25, 1.0]
[-25, 20, 1.0]
[-20, 25, 1.0]
[-20, 20, 1.0]
[-25, 20, 1.0]
[-20, 25, 1.0]
