[-5.0, 17.0, 0.25]
[-5.0, 19.0, 0.25]
[-5.0, 17.0, 0.25]
[-3.0, 19.0, 0.25]
[-1.0, 19.0, 0.25]
[1.0, 19.0, 0.25]
[1.0, 21.0, 0.25]
[-1.0, 23.0, 0.25]
[1.0, 21.0, 0.25]
[1.0, 23.0, 0.25]
[1.0, 21.0, 0.25]
[1.0, 19.0, 0.25]
[-1.0, 19.0, 0.25]
[1.0, 19.0, 0.25]
[3.0, 19.0, 0.25]
[1.0, 21.0, 0.25]
[3.0, 21.0, 0.25]
[3.0, 19.0, 0.25]
[1.0, 19.0, 0.25]
[-1.0, 17.0, 0.25]
[-3.0, 15.0, 0.25]
[-5.0, 15.0, 0.25]
[-5.0, 13.0, 0.25]
[-5.0, 15.0, 0.25]
[-3.0, 17.0, 0.25]
[-1.0, 15.0, 0.25]
[-1.0, 17.0, 0.25]
[1.0, 19.0, 0.25]
[3.0, 21.0, 0.25]
[5.0, 21.0, 0.25]
[7.0, 23.0, 0.25]
[7.0, 21.0, 0.25]
[7.0, 19.0, 0.25]
[0.0, 25.0, 0.25]
[2.0, 25.0, 0.25]
[0.0, 23.0, 0.25]
[-2.0, 21.0, 0.25]
[-4.0, 19.0, 0.25]
[-6.0, 19.0, 0.25]
[-8.0, 21.0, 0.25]
[-6.0, 21.0, 0.25]
[-4.0, 21.0, 0.25]
[-2.0, 21.0, 0.25]
[-4.0, 19.0, 0.25]
[-2.0, 21.0, 0.25]
[0.0, 21.0, 0.25]
[-2.0, 19.0, 0.25]
[0.0, 17.0, 0.25]
[2.0, 17.0, 0.25]
[2.0, 19.0, 0.25]
[0.0, 17.0, 0.25]
[-2.0, 19.0, 0.25]
[-2.0, 17.0, 0.25]
[-4.0, 19.0, 0.25]
[-2.0, 21.0, 0.25]
[-4.0, 23.0, 0.25]
[-6.0, 25.0, 0.25]
[-8.0, 23.0, 0.25]
[-8.0, 21.0, 0.25]
[-8.0, 23.0, 0.25]
[-10.0, 21.0, 0.25]
[-8.0, 21.0, 0.25]
[-10.0, 21.0, 0.25]
[-12.0, 19.0, 0.25]
[-10.0, 19.0, 0.25]
[-10.0, 17.0, 0.25]
[-12.0, 19.0, 0.25]
[-14.0, 21.0, 0.25]
[-16.0, 19.0, 0.25]
[-14.0, 21.0, 0.25]
[-25.0, 25.0, 0.25]
[-23.0, 23.0, 0.25]
[-23.0, 25.0, 0.25]
[-25.0, 25.0, 0.25]
[-25.0, 23.0, 0.25]
[-23.0, 21.0, 0.25]
[-21.0, 23.0, 0.25]
[-21.0, 25.0, 0.25]
[-19.0, 23.0, 0.25]
[-19.0, 25.0, 0.25]
[-21.0, 23.0, 0.25]
[-19.0, 25.0, 0.25]
[-17.0, 23.0, 0.25]
[-19.0, 25.0, 0.25]
[-17.0, 25.0, 0.25]
[-15.0, 23.0, 0.25]
[0.0, 25.0, 0.25]
[-2.0, 25.0, 0.25]
[-2.0, 23.0, 0.25]
[-2.0, 21.0, 0.25]
[-4.0, 23.0, 0.25]
[-6.0, 23.0, 0.25]
[-6.0, 25.0, 0.25]
[-8.0, 23.0, 0.25]
[-6.0, 25.0, 0.25]
[-6.0, 23.0, 0.25]
[-6.0, 21.0, 0.25]
[-6.0, 23.0, 0.25]
[-8.0, 25.0, 0.25]
[-8.0, 23.0, 0.25]
